1
root
512
0
0
-1
-1
-1
5
-1
-1
-1
-1
-1
-1
-1
3
linked_l.xsm
648
0
-1
-1
-1
-1
69
70
-1
-1
-1
-1
-1
-1
3
ls.xsm
316
0
-1
-1
-1
-1
71
-1
-1
-1
-1
-1
-1
-1
3
cat.xsm
306
0
-1
-1
-1
-1
72
-1
-1
-1
-1
-1
-1
-1
3
rm.xsm
250
0
-1
-1
-1
-1
73
-1
-1
-1
-1
-1
-1
-1
3
cp.xsm
658
0
-1
-1
-1
-1
74
75
-1
-1
-1
-1
-1
-1
3
ms2.xsm
1930
0
-1
-1
-1
-1
76
77
78
79
-1
-1
-1
-1
3
s25_a1.xsm
622
0
-1
-1
-1
-1
80
81
-1
-1
-1
-1
-1
-1
3
s25_a2.xsm
512
0
-1
-1
-1
-1
82
83
-1
-1
-1
-1
-1
-1
3
s25_a3.xsm
1014
0
-1
-1
-1
-1
84
85
-1
-1
-1
-1
-1
-1
3
s25_a4.xsm
2046
0
-1
-1
-1
-1
86
87
88
89
-1
-1
-1
-1
3
s27_a2.xsm
370
0
-1
-1
-1
-1
90
-1
-1
-1
-1
-1
-1
-1
3
s27_a3_a.xsm
538
0
-1
-1
-1
-1
91
92
-1
-1
-1
-1
-1
-1
3
s27_a3_b.xsm
924
0
-1
-1
-1
-1
93
94
-1
-1
-1
-1
-1
-1
3
s27_a4_a.xsm
546
0
-1
-1
-1
-1
95
96
-1
-1
-1
-1
-1
-1
3
s27_a4_b.xsm
576
0
-1
-1
-1
-1
97
98
-1
-1
-1
-1
-1
-1
3
parent.xsm
312
0
-1
-1
-1
-1
99
-1
-1
-1
-1
-1
-1
-1
3
child.xsm
328
0
-1
-1
-1
-1
100
-1
-1
-1
-1
-1
-1
-1
3
prnt_pid.xsm
184
0
-1
-1
-1
-1
101
-1
-1
-1
-1
-1
-1
-1
3
new_file.xsm
226
0
-1
-1
-1
-1
102
-1
-1
-1
-1
-1
-1
-1
3
lu.xsm
188
0
-1
-1
-1
-1
103
-1
-1
-1
-1
-1
-1
-1
3
ru.xsm
640
0
-1
-1
-1
-1
104
105
-1
-1
-1
-1
-1
-1
3
test1.xsm
990
0
-1
-1
-1
-1
106
107
-1
-1
-1
-1
-1
-1
3
get_pid.xsm
110
0
-1
-1
-1
-1
108
-1
-1
-1
-1
-1
-1
-1
3
f_read.xsm
308
0
-1
-1
-1
-1
109
-1
-1
-1
-1
-1
-1
-1
3
f_read_2.xsm
540
0
-1
-1
-1
-1
110
111
-1
-1
-1
-1
-1
-1
2
numbers.dat
1100
1
1
-1
-1
-1
112
118
124
-1
-1
-1
-1
-1
2
four.dat
100
1
1
-1
-1
-1
113
-1
-1
-1
-1
-1
-1
-1
2
six.dat
100
1
1
-1
-1
-1
114
-1
-1
-1
-1
-1
-1
-1
2
three.dat
100
1
1
-1
-1
-1
115
-1
-1
-1
-1
-1
-1
-1
2
five.dat
100
1
1
-1
-1
-1
116
-1
-1
-1
-1
-1
-1
-1
2
seven.dat
100
1
1
-1
-1
-1
117
-1
-1
-1
-1
-1
-1
-1
2
nine.dat
100
1
1
-1
-1
-1
119
-1
-1
-1
-1
-1
-1
-1
2
ten.dat
100
1
1
-1
-1
-1
120
-1
-1
-1
-1
-1
-1
-1
2
eleven.dat
100
1
1
-1
-1
-1
121
-1
-1
-1
-1
-1
-1
-1
2
twelve.dat
100
1
1
-1
-1
-1
122
-1
-1
-1
-1
-1
-1
-1
2
thirteen.dat
100
1
1
-1
-1
-1
123
-1
-1
-1
-1
-1
-1
-1
2
eight.dat
100
1
1
-1
-1
-1
125
-1
-1
-1
-1
-1
-1
-1
-1
-1
0
-1
-1
-1
-1
-1
-1
-1
-1
-1
-1
-1
-1
-1
-1
-1
0
-1
-1
-1
-1
-1
-1
-1
-1
-1
-1
-1
-1
-1
-1
-1
0
-1
-1
-1
-1
-1
-1
-1
-1
-1
-1
-1
-1
-1
-1
-1
0
-1
-1
-1
-1
-1
-1
-1
-1
-1
-1
-1
-1
-1
-1
-1
0
-1
-1
-1
-1
-1
-1
-1
-1
-1
-1
-1
-1
-1
-1
-1
0
-1
-1
-1
-1
-1
-1
-1
-1
-1
-1
-1
-1
-1
-1
-1
0
-1
-1
-1
-1
-1
-1
-1
-1
-1
-1
-1
-1
-1
-1
-1
0
-1
-1
-1
-1
-1
-1
-1
-1
-1
-1
-1
-1
-1
-1
-1
0
-1
-1
-1
-1
-1
-1
-1
-1
-1
-1
-1
-1
-1
-1
-1
0
-1
-1
-1
-1
-1
-1
-1
-1
-1
-1
-1
-1
-1
-1
-1
0
-1
-1
-1
-1
-1
-1
-1
-1
-1
-1
-1
-1
-1
-1
-1
0
-1
-1
-1
-1
-1
-1
-1
-1
-1
-1
-1
-1
-1
-1
-1
0
-1
-1
-1
-1
-1
-1
-1
-1
-1
-1
-1
-1
-1
-1
-1
0
-1
-1
-1
-1
-1
-1
-1
-1
-1
-1
-1
-1
-1
-1
-1
0
-1
-1
-1
-1
-1
-1
-1
-1
-1
-1
-1
-1
-1
-1
-1
0
-1
-1
-1
-1
-1
-1
-1
-1
-1
-1
-1
-1
-1
-1
-1
0
-1
-1
-1
-1
-1
-1
-1
-1
-1
-1
-1
-1
-1
-1
-1
0
-1
-1
-1
-1
-1
-1
-1
-1
-1
-1
-1
-1
-1
-1
-1
0
-1
-1
-1
-1
-1
-1
-1
-1
-1
-1
-1
-1
-1
-1
-1
0
-1
-1
-1
-1
-1
-1
-1
-1
-1
-1
-1
-1
-1
-1
-1
0
-1
-1
-1
-1
-1
-1
-1
-1
-1
-1
-1
-1
-1
-1
-1
0
-1
-1
-1
-1
-1
-1
-1
-1
-1
-1
-1
-1
-1
kernel
-1
root
452
-1
-1
-1
-1
-1
-1
-1
-1
-1
-1
-1
-1
-1
-1
-1
-1
-1
-1
-1
-1
-1
-1
-1
-1
-1
-1
-1
-1
-1
-1
-1
-1
-1
-1
-1
-1
-1
-1
-1
-1
-1
-1
-1
-1
-1
-1
-1
-1
-1
-1
-1
-1
-1
-1
-1
-1
-1
-1
-1
-1
